CHR,START,END,RT
chr1,3000000,4360000,L
chr1,4360000,4760000,TTR
chr1,4760000,6200000,TTR
chr1,6200000,7200000,TTR
chr1,7200000,9560000,TTR
chr1,9560000,10120000,E
chr1,10120000,11600000,TTR
chr1,11600000,13000000,TTR
chr1,13040000,13680000,E
chr1,13760000,14720000,L
chr1,14960000,16080000,TTR
chr1,16080000,17120000,TTR
chr1,17120000,18320000,TTR
chr1,18320000,19040000,L
chr1,19160000,20600000,TTR
chr1,20600000,21160000,E
chr1,21360000,22560000,TTR
chr1,22560000,23160000,L
chr1,23320000,24280000,TTR
chr1,24280000,25960000,L
chr1,25960000,30720000,L
chr1,30720000,31240000,TTR
chr1,31240000,33640000,TTR
chr1,33720000,34520000,TTR
chr1,34520000,36360000,TTR
chr1,36360000,37960000,TTR
chr1,38200000,39040000,TTR
chr1,39040000,39600000,TTR
chr1,39640000,40040000,E
chr1,40160000,40840000,TTR
chr1,40880000,43160000,TTR
chr1,43160000,43800000,L
chr1,43800000,44160000,E
chr1,44200000,45840000,TTR
chr1,45840000,47280000,TTR
chr1,47320000,51000000,L
chr1,51000000,51680000,TTR
chr1,51680000,52160000,E
chr1,52200000,53760000,E
chr1,53760000,55240000,TTR
chr1,55240000,55840000,TTR
chr1,55920000,57440000,TTR
chr1,57440000,58440000,TTR
chr1,58440000,59760000,TTR
chr1,59760000,61040000,E
chr1,61040000,63200000,TTR
chr1,63200000,64640000,TTR
chr1,64760000,65240000,E
chr1,65280000,66120000,TTR
chr1,66160000,67040000,TTR
chr1,67120000,69240000,L
chr1,69240000,71600000,TTR
chr1,71600000,72280000,E
chr1,72280000,74240000,TTR
chr1,74240000,75600000,E
chr1,75600000,77960000,TTR
chr1,77960000,78480000,TTR
chr1,78480000,79760000,TTR
chr1,79800000,80480000,TTR
chr1,80800000,81320000,L
chr1,81320000,82520000,L
chr1,82520000,83720000,TTR
chr1,83720000,85280000,TTR
chr1,87520000,88240000,TTR
chr1,88240000,88960000,E
chr1,89040000,90200000,TTR
chr1,90200000,90640000,E
chr1,90640000,91120000,E
chr1,91200000,91520000,E
chr1,91520000,91880000,E
chr1,91880000,92520000,TTR
chr1,92520000,92800000,L
chr1,92800000,94800000,E
chr1,95000000,95720000,E
chr1,95720000,98720000,TTR
chr1,98720000,99600000,L
chr1,99640000,100320000,L
chr1,100560000,105680000,L
chr1,105720000,106840000,L
chr1,106840000,107560000,L
chr1,107960000,108320000,TTR
chr1,108320000,108800000,L
chr1,108800000,109440000,L
chr1,109440000,111920000,L
chr1,111920000,113560000,L
chr1,113560000,114280000,L
chr1,114360000,116920000,L
chr1,117160000,118400000,L
chr1,118640000,119440000,TTR
chr1,119440000,120200000,TTR
chr1,120200000,121400000,E
chr1,121400000,122480000,TTR
chr1,122480000,123360000,TTR
chr1,123480000,124800000,L
chr1,124800000,126040000,L
chr1,126600000,127240000,TTR
chr1,127280000,128880000,TTR
chr1,128920000,129360000,L
chr1,129400000,130160000,TTR
chr1,130160000,130760000,TTR
chr1,130760000,132320000,L
chr1,132400000,132960000,TTR
chr1,133000000,133160000,E
chr1,133160000,133800000,E
chr1,133800000,134920000,E
chr1,134920000,135520000,E
chr1,135520000,136040000,E
chr1,136040000,136520000,E
chr1,136560000,137040000,E
chr1,137040000,137720000,E
chr1,137720000,138360000,E
chr1,138400000,138640000,E
chr1,138640000,139120000,E
chr1,139120000,139960000,TTR
chr1,139960000,140680000,TTR
chr1,140680000,141280000,E
chr1,141280000,142000000,TTR
chr1,142040000,142600000,L
chr1,142600000,144640000,L
chr1,144720000,145560000,TTR
chr1,145640000,146240000,TTR
chr1,146240000,148360000,L
chr1,149120000,151640000,L
chr1,151680000,152200000,TTR
chr1,152240000,152880000,TTR
chr1,152880000,153280000,TTR
chr1,153280000,154200000,TTR
chr1,154360000,154600000,E
chr1,154600000,155320000,E
chr1,155320000,156040000,TTR
chr1,156040000,156600000,TTR
chr1,156600000,156840000,TTR
chr1,156880000,157080000,E
chr1,157120000,157400000,E
chr1,157400000,158640000,E
chr1,158640000,159040000,E
chr1,159040000,159440000,E
chr1,159440000,160600000,TTR
chr1,160600000,161160000,L
chr1,161160000,162120000,TTR
chr1,162120000,162680000,E
chr1,162680000,163120000,E
chr1,163120000,163920000,TTR
chr1,163920000,164680000,TTR
chr1,164680000,166120000,TTR
chr1,166200000,167160000,TTR
chr1,167160000,168320000,E
chr1,168320000,169280000,TTR
chr1,169320000,169840000,TTR
chr1,169840000,171440000,L
chr1,171440000,171880000,L
chr1,172080000,172800000,TTR
chr1,172800000,173040000,E
chr1,173040000,173440000,E
chr1,173440000,174320000,TTR
chr1,174320000,175360000,TTR
chr1,175360000,176040000,L
chr1,176080000,176400000,L
chr1,176520000,177840000,L
chr1,177840000,178640000,L
chr1,178640000,179680000,TTR
chr1,179720000,180480000,TTR
chr1,180480000,181440000,TTR
chr1,181440000,182160000,E
chr1,182160000,182760000,TTR
chr1,182760000,183160000,E
chr1,183200000,183800000,E
chr1,183800000,184920000,TTR
chr1,185320000,186640000,TTR
chr1,186640000,187360000,E
chr1,187360000,188600000,TTR
chr1,188600000,189840000,TTR
chr1,190120000,190800000,TTR
chr1,190800000,191480000,TTR
chr1,191480000,192720000,TTR
chr1,192720000,193960000,E
chr1,193960000,195000000,TTR
chr1,195000000,197195432,TTR
chr10,3120000,4480000,TTR
chr10,4480000,5960000,TTR
chr10,5960000,7280000,TTR
chr10,7320000,9480000,TTR
chr10,9480000,10040000,L
chr10,10040000,10880000,TTR
chr10,11080000,12720000,TTR
chr10,12720000,13200000,TTR
chr10,13240000,14120000,L
chr10,14120000,17960000,TTR
chr10,18280000,19240000,TTR
chr10,19440000,20040000,E
chr10,20040000,20680000,TTR
chr10,20680000,21080000,E
chr10,21080000,21760000,E
chr10,21760000,22120000,E
chr10,22280000,23520000,TTR
chr10,23520000,24040000,E
chr10,24040000,24360000,E
chr10,24360000,24960000,E
chr10,24960000,26080000,TTR
chr10,26080000,26760000,L
chr10,26760000,27520000,TTR
chr10,27520000,28640000,TTR
chr10,28720000,29080000,L
chr10,29080000,30320000,TTR
chr10,30320000,30560000,E
chr10,30560000,31040000,TTR
chr10,31440000,33680000,TTR
chr10,33680000,34080000,E
chr10,34120000,36640000,TTR
chr10,36720000,38840000,TTR
chr10,38840000,39960000,E
chr10,39960000,40280000,E
chr10,40280000,41440000,TTR
chr10,41520000,42000000,E
chr10,42000000,43280000,E
chr10,43280000,43960000,E
chr10,43960000,45680000,TTR
chr10,45680000,50320000,TTR
chr10,50360000,51200000,L
chr10,51240000,52160000,TTR
chr10,52160000,53320000,TTR
chr10,53360000,56080000,TTR
chr10,56080000,57600000,TTR
chr10,57720000,59360000,TTR
chr10,59720000,60600000,E
chr10,60600000,60920000,E
chr10,60920000,61160000,E
chr10,61160000,62320000,E
chr10,62600000,62880000,E
chr10,62880000,66280000,TTR
chr10,66280000,66720000,E
chr10,66720000,67440000,TTR
chr10,67480000,68800000,TTR
chr10,68800000,70720000,TTR
chr10,70920000,72480000,TTR
chr10,72560000,74360000,L
chr10,74640000,74960000,E
chr10,75000000,76520000,TTR
chr10,76600000,77440000,E
chr10,77440000,77880000,E
chr10,77920000,79160000,TTR
chr10,79200000,81040000,E
chr10,81080000,83120000,TTR
chr10,83240000,83960000,TTR
chr10,84160000,84600000,E
chr10,84640000,85240000,E
chr10,85400000,86040000,TTR
chr10,86440000,87000000,L
chr10,87000000,87840000,TTR
chr10,87840000,88240000,E
chr10,88880000,90160000,TTR
chr10,90160000,90680000,TTR
chr10,90680000,92480000,TTR
chr10,92520000,93280000,E
chr10,93280000,94440000,TTR
chr10,94440000,94960000,E
chr10,95000000,95560000,E
chr10,95560000,96800000,TTR
chr10,96800000,97160000,L
chr10,97160000,98560000,L
chr10,98600000,99080000,E
chr10,99080000,99960000,L
chr10,100040000,101920000,L
chr10,101920000,102640000,L
chr10,102680000,105240000,L
chr10,105280000,106040000,L
chr10,106040000,106840000,L
chr10,106840000,107200000,L
chr10,107200000,107960000,TTR
chr10,108040000,109320000,TTR
chr10,109320000,110160000,TTR
chr10,110160000,110560000,E
chr10,110560000,111440000,TTR
chr10,111600000,112280000,L
chr10,112400000,114600000,TTR
chr10,114600000,115640000,TTR
chr10,115640000,116480000,TTR
chr10,116680000,117120000,E
chr10,117160000,117480000,E
chr10,117560000,118680000,TTR
chr10,119080000,119640000,TTR
chr10,119640000,121040000,TTR
chr10,121080000,121520000,TTR
chr10,121520000,122000000,L
chr10,122000000,122640000,TTR
chr10,122640000,124360000,TTR
chr10,124520000,125040000,L
chr10,125120000,126320000,TTR
chr10,126320000,127480000,E
chr10,127520000,128360000,E
chr10,128360000,129993255,TTR
chr11,3000000,4960000,TTR
chr11,5000000,5360000,E
chr11,5360000,5880000,E
chr11,5880000,6520000,E
chr11,6520000,7080000,TTR
chr11,7080000,8320000,TTR
chr11,8320000,9120000,E
chr11,9160000,11240000,L
chr11,11320000,11680000,TTR
chr11,11680000,11880000,E
chr11,11920000,12480000,E
chr11,12480000,16360000,TTR
chr11,16400000,16920000,L
chr11,17160000,18720000,TTR
chr11,18760000,19720000,TTR
chr11,19720000,19960000,E
chr11,20000000,20600000,E
chr11,20640000,21400000,E
chr11,21480000,21880000,L
chr11,22120000,22520000,TTR
chr11,22520000,22880000,E
chr11,22880000,23560000,E
chr11,23560000,23840000,E
chr11,23880000,26920000,TTR
chr11,26960000,29080000,TTR
chr11,29120000,30560000,E
chr11,30560000,32040000,TTR
chr11,32080000,33040000,E
chr11,33040000,33840000,TTR
chr11,34120000,34640000,L
chr11,34640000,35840000,TTR
chr11,35840000,38560000,TTR
chr11,39360000,40480000,TTR
chr11,40600000,43240000,TTR
chr11,43240000,44280000,TTR
chr11,44320000,45720000,TTR
chr11,45760000,46080000,E
chr11,46320000,48600000,TTR
chr11,48600000,49440000,TTR
chr11,49440000,50000000,E
chr11,50240000,51400000,TTR
chr11,51400000,53120000,TTR
chr11,53280000,53720000,E
chr11,53720000,54840000,TTR
chr11,55000000,55280000,TTR
chr11,55280000,55840000,TTR
chr11,55920000,57600000,TTR
chr11,57760000,57960000,E
chr11,58000000,58720000,TTR
chr11,58760000,59600000,E
chr11,59640000,60400000,E
chr11,60480000,61600000,E
chr11,61760000,62400000,E
chr11,62520000,64800000,TTR
chr11,64840000,65520000,L
chr11,65600000,66840000,TTR
chr11,66920000,67600000,TTR
chr11,67760000,68680000,E
chr11,68720000,69800000,E
chr11,69840000,70600000,E
chr11,70840000,71840000,TTR
chr11,72040000,74400000,TTR
chr11,74440000,75280000,E
chr11,75520000,76240000,E
chr11,76240000,78000000,E
chr11,78000000,78160000,E
chr11,78160000,79800000,E
chr11,79880000,80240000,E
chr11,80240000,82000000,TTR
chr11,82040000,83080000,TTR
chr11,83320000,83560000,E
chr11,83600000,84640000,E
chr11,84680000,85640000,E
chr11,85640000,86280000,E
chr11,86320000,87240000,E
chr11,87400000,88040000,E
chr11,88040000,88880000,E
chr11,88880000,89680000,TTR
chr11,90120000,90520000,L
chr11,90520000,92840000,L
chr11,92960000,93720000,TTR
chr11,93760000,94400000,E
chr11,94480000,97480000,E
chr11,97640000,98560000,TTR
chr11,98880000,100200000,TTR
chr11,100200000,101480000,E
chr11,101480000,102320000,E
chr11,102320000,102960000,E
chr11,103200000,103800000,E
chr11,103840000,104320000,TTR
chr11,104360000,105040000,TTR
chr11,105040000,106040000,TTR
chr11,106360000,106880000,E
chr11,106880000,107360000,E
chr11,107360000,108280000,TTR
chr11,108280000,109720000,TTR
chr11,109720000,110160000,L
chr11,110200000,111400000,L
chr11,111400000,113480000,TTR
chr11,113520000,114520000,TTR
chr11,114520000,114880000,E
chr11,115400000,116360000,E
chr11,116480000,117680000,E
chr11,117720000,118880000,E
chr11,119120000,120200000,E
chr11,120200000,121843856,E
chr12,3080000,5000000,TTR
chr12,5040000,8640000,TTR
chr12,8680000,9040000,E
chr12,9040000,10600000,TTR
chr12,10600000,11200000,TTR
chr12,11200000,12400000,TTR
chr12,12400000,13280000,E
chr12,13280000,15520000,TTR
chr12,15520000,17360000,TTR
chr12,17360000,18200000,TTR
chr12,18240000,18520000,L
chr12,19080000,20080000,L
chr12,20240000,20960000,L
chr12,21040000,21640000,E
chr12,24960000,27040000,TTR
chr12,27120000,29240000,TTR
chr12,29240000,30600000,TTR
chr12,30720000,31280000,L
chr12,31280000,31720000,L
chr12,31760000,32640000,TTR
chr12,32640000,32960000,TTR
chr12,33280000,33600000,TTR
chr12,33600000,34120000,E
chr12,34120000,35920000,TTR
chr12,35920000,36520000,L
chr12,36600000,37400000,TTR
chr12,37400000,38840000,L
chr12,38840000,40240000,L
chr12,40240000,40920000,TTR
chr12,40920000,41560000,TTR
chr12,41560000,43240000,TTR
chr12,43440000,45320000,L
chr12,45320000,45680000,L
chr12,45680000,46320000,L
chr12,46520000,50320000,L
chr12,50400000,52440000,TTR
chr12,52440000,54000000,TTR
chr12,54000000,55800000,TTR
chr12,55800000,56200000,E
chr12,56320000,56920000,E
chr12,56920000,57760000,TTR
chr12,57760000,58320000,TTR
chr12,58360000,58680000,E
chr12,58960000,60120000,TTR
chr12,60320000,62880000,TTR
chr12,62920000,64000000,L
chr12,64040000,66040000,TTR
chr12,66040000,68040000,TTR
chr12,68280000,70240000,TTR
chr12,70280000,71560000,TTR
chr12,71560000,72080000,TTR
chr12,72080000,72840000,TTR
chr12,72840000,73160000,E
chr12,73200000,74080000,TTR
chr12,74080000,74680000,TTR
chr12,74680000,75080000,E
chr12,75120000,76560000,TTR
chr12,76560000,76760000,E
chr12,76880000,77480000,E
chr12,77480000,77920000,E
chr12,78080000,79080000,TTR
chr12,79120000,80240000,TTR
chr12,80280000,81240000,TTR
chr12,81240000,81840000,E
chr12,81840000,82040000,E
chr12,82040000,82880000,TTR
chr12,83160000,84840000,TTR
chr12,84840000,85640000,E
chr12,85960000,86680000,E
chr12,86680000,87040000,TTR
chr12,87040000,88040000,E
chr12,88080000,88760000,TTR
chr12,88800000,89600000,TTR
chr12,89600000,90680000,L
chr12,90680000,91720000,L
chr12,91960000,93080000,TTR
chr12,93080000,94760000,TTR
chr12,94760000,97000000,L
chr12,97160000,99840000,TTR
chr12,99880000,101360000,E
chr12,101360000,102320000,E
chr12,102320000,103200000,TTR
chr12,103200000,103720000,TTR
chr12,103720000,104000000,E
chr12,104000000,104680000,TTR
chr12,105200000,105680000,TTR
chr12,105680000,106200000,E
chr12,106280000,107080000,E
chr12,107200000,109400000,TTR
chr12,109520000,109760000,E
chr12,109760000,111640000,TTR
chr12,111640000,112120000,E
chr12,112120000,114480000,E
chr12,114480000,115400000,TTR
chr12,115640000,116280000,L
chr12,116280000,117240000,L
chr12,117280000,118600000,TTR
chr12,118600000,119040000,E
chr12,119040000,120160000,TTR
chr12,120160000,121257530,TTR
chr13,3000000,6520000,TTR
chr13,6560000,8800000,TTR
chr13,8800000,9840000,TTR
chr13,9880000,11680000,TTR
chr13,11840000,12520000,TTR
chr13,12560000,13520000,TTR
chr13,13560000,13960000,E
chr13,14320000,14720000,TTR
chr13,14720000,15880000,L
chr13,16040000,17760000,TTR
chr13,17800000,18920000,TTR
chr13,19400000,19760000,E
chr13,19800000,20400000,E
chr13,20400000,21920000,TTR
chr13,21920000,22120000,E
chr13,22200000,23720000,TTR
chr13,23840000,25040000,TTR
chr13,25120000,29960000,TTR
chr13,30360000,30640000,L
chr13,30640000,31760000,TTR
chr13,31760000,32840000,TTR
chr13,32920000,34040000,TTR
chr13,34040000,36040000,TTR
chr13,36080000,37520000,TTR
chr13,37520000,38080000,E
chr13,38080000,40880000,TTR
chr13,40880000,41360000,E
chr13,41360000,41720000,TTR
chr13,41720000,43240000,TTR
chr13,43240000,45120000,TTR
chr13,45120000,45600000,TTR
chr13,45640000,46760000,TTR
chr13,46760000,47160000,E
chr13,47160000,48600000,TTR
chr13,48600000,49840000,TTR
chr13,49840000,51000000,L
chr13,51000000,51760000,E
chr13,51760000,52320000,TTR
chr13,52320000,52720000,E
chr13,52720000,53120000,E
chr13,53200000,53520000,E
chr13,53520000,54160000,TTR
chr13,54160000,54560000,E
chr13,54800000,55680000,E
chr13,55840000,58080000,TTR
chr13,58200000,58680000,E
chr13,58720000,59920000,TTR
chr13,59920000,61000000,TTR
chr13,61080000,61760000,L
chr13,62080000,62520000,E
chr13,62680000,63000000,E
chr13,63000000,63480000,E
chr13,63520000,64240000,E
chr13,64240000,66720000,TTR
chr13,66960000,67960000,E
chr13,68080000,68720000,L
chr13,68720000,69640000,TTR
chr13,69800000,70760000,TTR
chr13,70760000,73480000,TTR
chr13,73480000,74440000,E
chr13,74440000,74720000,E
chr13,74760000,76880000,TTR
chr13,76880000,78360000,TTR
chr13,78360000,79480000,TTR
chr13,79560000,80960000,L
chr13,80960000,81560000,L
chr13,81560000,81920000,E
chr13,81920000,83800000,TTR
chr13,83840000,84960000,L
chr13,85080000,85320000,L
chr13,85680000,89680000,TTR
chr13,89720000,91080000,TTR
chr13,91080000,91880000,L
chr13,92000000,94520000,TTR
chr13,94560000,96120000,TTR
chr13,96280000,97840000,TTR
chr13,97880000,99040000,E
chr13,99080000,99280000,E
chr13,99360000,100120000,E
chr13,100120000,100720000,E
chr13,100880000,101440000,TTR
chr13,101600000,103480000,TTR
chr13,103920000,104480000,TTR
chr13,104560000,104920000,E
chr13,104920000,107600000,TTR
chr13,107760000,108920000,TTR
chr13,109120000,110000000,TTR
chr13,110000000,110560000,E
chr13,110560000,112160000,TTR
chr13,112160000,113080000,TTR
chr13,113080000,113440000,E
chr13,113440000,113840000,E
chr13,113840000,114440000,TTR
chr13,114440000,114640000,E
chr13,114640000,115600000,TTR
chr13,115760000,117600000,L
chr13,117960000,119160000,TTR
chr13,119200000,120284312,TTR
chr14,8520000,12360000,TTR
chr14,12360000,13360000,TTR
chr14,13360000,14120000,L
chr14,14120000,14960000,TTR
chr14,15000000,15760000,L
chr14,15800000,17240000,TTR
chr14,17240000,18200000,L
chr14,18200000,19080000,TTR
chr14,19120000,20160000,TTR
chr14,20440000,20880000,E
chr14,20920000,21120000,E
chr14,21120000,21520000,E
chr14,21520000,21880000,E
chr14,21880000,22680000,E
chr14,22680000,24360000,TTR
chr14,24400000,25320000,TTR
chr14,25320000,25760000,TTR
chr14,25800000,26680000,TTR
chr14,27080000,27480000,E
chr14,27520000,27840000,E
chr14,27920000,28320000,E
chr14,28320000,28560000,E
chr14,28560000,30760000,TTR
chr14,30800000,31320000,TTR
chr14,31360000,31760000,E
chr14,31800000,32320000,E
chr14,32320000,33000000,E
chr14,33000000,33320000,E
chr14,33360000,34760000,TTR
chr14,34880000,35400000,E
chr14,35400000,35600000,E
chr14,35600000,37880000,TTR
chr14,37960000,40280000,L
chr14,40280000,42040000,TTR
chr14,43800000,44400000,L
chr14,44480000,44880000,L
chr14,45160000,45880000,TTR
chr14,45880000,46400000,E
chr14,46440000,47440000,TTR
chr14,47440000,47880000,TTR
chr14,47880000,49000000,TTR
chr14,49000000,49840000,E
chr14,49840000,50400000,TTR
chr14,50400000,51440000,TTR
chr14,51440000,52480000,TTR
chr14,52480000,54320000,TTR
chr14,54320000,56160000,TTR
chr14,56240000,57720000,TTR
chr14,57720000,58280000,E
chr14,58280000,58560000,E
chr14,58560000,59760000,TTR
chr14,59760000,60200000,E
chr14,60200000,61080000,TTR
chr14,61120000,61360000,E
chr14,61400000,61920000,E
chr14,61920000,63080000,TTR
chr14,63120000,63640000,E
chr14,63680000,64160000,E
chr14,64160000,64480000,E
chr14,64480000,64720000,E
chr14,64720000,65200000,TTR
chr14,65240000,65920000,E
chr14,66000000,66920000,E
chr14,66920000,67520000,TTR
chr14,67640000,68320000,TTR
chr14,68320000,68600000,E
chr14,68600000,69120000,TTR
chr14,69320000,69960000,TTR
chr14,69960000,70560000,E
chr14,70600000,71040000,E
chr14,71160000,72800000,TTR
chr14,72920000,73480000,L
chr14,73480000,73920000,E
chr14,73920000,75440000,TTR
chr14,75440000,76240000,TTR
chr14,76240000,76880000,E
chr14,76880000,77440000,E
chr14,77440000,78920000,TTR
chr14,78920000,79880000,E
chr14,80160000,80640000,TTR
chr14,80640000,84840000,L
chr14,84840000,87000000,L
chr14,87200000,87840000,TTR
chr14,87840000,89400000,L
chr14,89400000,90320000,L
chr14,90760000,94320000,L
chr14,94320000,96360000,L
chr14,96360000,97320000,L
chr14,97320000,99440000,TTR
chr14,99440000,100320000,TTR
chr14,100320000,101840000,TTR
chr14,102080000,103400000,TTR
chr14,103400000,103960000,TTR
chr14,104120000,105520000,TTR
chr14,105600000,106840000,TTR
chr14,106960000,110160000,L
chr14,110200000,111200000,L
chr14,111360000,115200000,L
chr14,115200000,115840000,L
chr14,115840000,118480000,TTR
chr14,118520000,119320000,E
chr14,119320000,120440000,TTR
chr14,120480000,121200000,E
chr14,121360000,121640000,E
chr14,121640000,122200000,E
chr14,122240000,123720000,TTR
chr14,123720000,125194864,TTR
chr15,3200000,5080000,TTR
chr15,5080000,6520000,TTR
chr15,6760000,7400000,TTR
chr15,7400000,8040000,TTR
chr15,8040000,8560000,E
chr15,8560000,8960000,E
chr15,8960000,10400000,TTR
chr15,10400000,10840000,E
chr15,10960000,11320000,TTR
chr15,11320000,12840000,TTR
chr15,12880000,14360000,TTR
chr15,14520000,15160000,L
chr15,15160000,19240000,L
chr15,19240000,21440000,L
chr15,21480000,24360000,L
chr15,24480000,25920000,TTR
chr15,25920000,27200000,TTR
chr15,27240000,28120000,TTR
chr15,28120000,29920000,L
chr15,29960000,31520000,TTR
chr15,31560000,32720000,TTR
chr15,32720000,34360000,TTR
chr15,34400000,36120000,TTR
chr15,36120000,36520000,E
chr15,36680000,38440000,TTR
chr15,38600000,39160000,E
chr15,39160000,39680000,E
chr15,39680000,39960000,TTR
chr15,40000000,40960000,TTR
chr15,40960000,41800000,E
chr15,41840000,42760000,L
chr15,42760000,43600000,L
chr15,43720000,44640000,L
chr15,44640000,46360000,L
chr15,46840000,48640000,L
chr15,48680000,49400000,L
chr15,49520000,52320000,TTR
chr15,52320000,54840000,TTR
chr15,54880000,55400000,E
chr15,55400000,55880000,TTR
chr15,55880000,57400000,L
chr15,57440000,57880000,TTR
chr15,57920000,58720000,TTR
chr15,58760000,59200000,E
chr15,59200000,59680000,E
chr15,59720000,60920000,TTR
chr15,60920000,63680000,TTR
chr15,63680000,64480000,TTR
chr15,64520000,66400000,TTR
chr15,66480000,66960000,TTR
chr15,67000000,68200000,TTR
chr15,68240000,71240000,L
chr15,71280000,71760000,L
chr15,71880000,72880000,TTR
chr15,73040000,73520000,E
chr15,73600000,74400000,TTR
chr15,74400000,75720000,TTR
chr15,75760000,76000000,E
chr15,76040000,76760000,E
chr15,76760000,77200000,E
chr15,77280000,77800000,TTR
chr15,77800000,78640000,E
chr15,79040000,79920000,E
chr15,79920000,81200000,E
chr15,81240000,81880000,E
chr15,81880000,83360000,TTR
chr15,83400000,84480000,E
chr15,84560000,86040000,E
chr15,86040000,88520000,TTR
chr15,88560000,89320000,E
chr15,89400000,90040000,TTR
chr15,90080000,92080000,L
chr15,92080000,93120000,TTR
chr15,93400000,94360000,TTR
chr15,94520000,95520000,TTR
chr15,95520000,96280000,TTR
chr15,96280000,97000000,E
chr15,97000000,98360000,E
chr15,98360000,100560000,E
chr15,100640000,101000000,E
chr15,101120000,101920000,TTR
chr15,101920000,102520000,E
chr15,102520000,103494974,E
chr16,3240000,4680000,TTR
chr16,4680000,5240000,E
chr16,5240000,6480000,TTR
chr16,6480000,8400000,TTR
chr16,8400000,8680000,E
chr16,8840000,10520000,TTR
chr16,10560000,13080000,TTR
chr16,13080000,13680000,E
chr16,13840000,14160000,E
chr16,14200000,15600000,TTR
chr16,15840000,16160000,E
chr16,16320000,17000000,E
chr16,17080000,17520000,E
chr16,17720000,18240000,E
chr16,18320000,18640000,E
chr16,18680000,18880000,E
chr16,18880000,20480000,TTR
chr16,20480000,20680000,E
chr16,20680000,21440000,E
chr16,21480000,22240000,TTR
chr16,22280000,22840000,E
chr16,22840000,23120000,E
chr16,23160000,24040000,TTR
chr16,24040000,25360000,TTR
chr16,25360000,25960000,TTR
chr16,26240000,27440000,L
chr16,27440000,28520000,L
chr16,28520000,29600000,TTR
chr16,29600000,30520000,E
chr16,30560000,31440000,E
chr16,31440000,31960000,E
chr16,32080000,32680000,E
chr16,32760000,33080000,E
chr16,33240000,34120000,E
chr16,34120000,35000000,TTR
chr16,35080000,35840000,E
chr16,36040000,36880000,E
chr16,37040000,38600000,TTR
chr16,38600000,39080000,TTR
chr16,39080000,41280000,L
chr16,41280000,41880000,L
chr16,42160000,44160000,TTR
chr16,44160000,44720000,TTR
chr16,44720000,45160000,L
chr16,45160000,48240000,TTR
chr16,48400000,49000000,TTR
chr16,49080000,50800000,TTR
chr16,50800000,52240000,L
chr16,52280000,53320000,L
chr16,53520000,55880000,TTR
chr16,55880000,57120000,TTR
chr16,57120000,57600000,TTR
chr16,57600000,58760000,L
chr16,58840000,59400000,L
chr16,59440000,59640000,E
chr16,59640000,60480000,TTR
chr16,60600000,62840000,L
chr16,62840000,64760000,TTR
chr16,64760000,65560000,TTR
chr16,65600000,66120000,L
chr16,66120000,67840000,L
chr16,68600000,70640000,L
chr16,71240000,72240000,L
chr16,72280000,73000000,TTR
chr16,73200000,75320000,L
chr16,75600000,76960000,L
chr16,77120000,78160000,L
chr16,78200000,78640000,E
chr16,78640000,78960000,TTR
chr16,79120000,81120000,L
chr16,81160000,84600000,TTR
chr16,84600000,85720000,TTR
chr16,85760000,87400000,TTR
chr16,87520000,87760000,E
chr16,87760000,89760000,TTR
chr16,89800000,90200000,TTR
chr16,90320000,91680000,E
chr16,91680000,92320000,E
chr16,92440000,93680000,TTR
chr16,93880000,94560000,E
chr16,94560000,94960000,E
chr16,94960000,96320000,TTR
chr16,96400000,98319150,TTR
chr17,3000000,5400000,TTR
chr17,5400000,6440000,E
chr17,6880000,8160000,TTR
chr17,8360000,10720000,TTR
chr17,11320000,12200000,TTR
chr17,12200000,12600000,E
chr17,12600000,13240000,TTR
chr17,13400000,13720000,E
chr17,13760000,15120000,TTR
chr17,15240000,15600000,E
chr17,15600000,17120000,TTR
chr17,17400000,17800000,E
chr17,17880000,20200000,TTR
chr17,20200000,21280000,L
chr17,21320000,21760000,TTR
chr17,21840000,22200000,E
chr17,22200000,23880000,TTR
chr17,24160000,24560000,E
chr17,24600000,25960000,E
chr17,26000000,27040000,E
chr17,27280000,27680000,E
chr17,27680000,28320000,E
chr17,28480000,28680000,E
chr17,28760000,29160000,E
chr17,29160000,29640000,E
chr17,29680000,31120000,TTR
chr17,31440000,32200000,E
chr17,32200000,33120000,E
chr17,33120000,34080000,E
chr17,34080000,35560000,E
chr17,35600000,36080000,E
chr17,36080000,36320000,E
chr17,36360000,36920000,E
chr17,36920000,37400000,E
chr17,37400000,38760000,TTR
chr17,38760000,40000000,L
chr17,40000000,40960000,L
chr17,40960000,42960000,TTR
chr17,43120000,43760000,E
chr17,43800000,45560000,TTR
chr17,45600000,46280000,E
chr17,46320000,46880000,E
chr17,46920000,47880000,TTR
chr17,47880000,48240000,E
chr17,48240000,50040000,TTR
chr17,50040000,50960000,L
chr17,50960000,52640000,L
chr17,52640000,53600000,TTR
chr17,53600000,54480000,TTR
chr17,54480000,56160000,TTR
chr17,56200000,56880000,E
chr17,56880000,57160000,TTR
chr17,57160000,59080000,TTR
chr17,59080000,63240000,L
chr17,63280000,65920000,TTR
chr17,65920000,66880000,E
chr17,66880000,68160000,TTR
chr17,68200000,69720000,TTR
chr17,69760000,71040000,TTR
chr17,71040000,71360000,E
chr17,71360000,73160000,TTR
chr17,73160000,74480000,TTR
chr17,74720000,75960000,TTR
chr17,75960000,79000000,TTR
chr17,79000000,80040000,TTR
chr17,80040000,80600000,TTR
chr17,80600000,80960000,E
chr17,80960000,81480000,TTR
chr17,81480000,83400000,TTR
chr17,83640000,84240000,E
chr17,84280000,84840000,E
chr17,84880000,86040000,E
chr17,86080000,86560000,E
chr17,86560000,86840000,E
chr17,86880000,87680000,E
chr17,87680000,88000000,E
chr17,88120000,88360000,E
chr17,88400000,89080000,E
chr17,89080000,90960000,TTR
chr17,91000000,93520000,L
chr17,93520000,95272651,TTR
chr18,3000000,4160000,TTR
chr18,4200000,6600000,TTR
chr18,6600000,7800000,TTR
chr18,7880000,9960000,TTR
chr18,9960000,11680000,TTR
chr18,11680000,12240000,TTR
chr18,12280000,12920000,E
chr18,13160000,14720000,TTR
chr18,14960000,16360000,TTR
chr18,16400000,18080000,L
chr18,18880000,20080000,L
chr18,20120000,20760000,TTR
chr18,20760000,21160000,E
chr18,21160000,21600000,TTR
chr18,22160000,24080000,TTR
chr18,24160000,24800000,E
chr18,24800000,25200000,E
chr18,25400000,25720000,E
chr18,25720000,28040000,TTR
chr18,28280000,30440000,TTR
chr18,30440000,31960000,TTR
chr18,32040000,33960000,TTR
chr18,33960000,34960000,E
chr18,34960000,35720000,E
chr18,35760000,36960000,E
chr18,36960000,37440000,TTR
chr18,37440000,38120000,TTR
chr18,38120000,39280000,E
chr18,39280000,40360000,TTR
chr18,40400000,42440000,TTR
chr18,42440000,45040000,TTR
chr18,45040000,46320000,TTR
chr18,46320000,47120000,E
chr18,47120000,49840000,TTR
chr18,49920000,52640000,TTR
chr18,52800000,53840000,TTR
chr18,53920000,56480000,TTR
chr18,56520000,57600000,TTR
chr18,57600000,58120000,L
chr18,58120000,59240000,L
chr18,59240000,60920000,TTR
chr18,60960000,61880000,E
chr18,61920000,63160000,TTR
chr18,63280000,63840000,TTR
chr18,63840000,64680000,E
chr18,64680000,65440000,TTR
chr18,65440000,66080000,E
chr18,66080000,66680000,TTR
chr18,66720000,67440000,TTR
chr18,67440000,67960000,E
chr18,68040000,68480000,TTR
chr18,68480000,70000000,TTR
chr18,70040000,70600000,TTR
chr18,70600000,73800000,TTR
chr18,73800000,74920000,TTR
chr18,74960000,75160000,E
chr18,75160000,76360000,E
chr18,76480000,77280000,TTR
chr18,77520000,78000000,E
chr18,78040000,80400000,TTR
chr18,80400000,82160000,TTR
chr18,82160000,82640000,TTR
chr18,82880000,83160000,E
chr18,83160000,84760000,TTR
chr18,84800000,86720000,TTR
chr18,86720000,88880000,L
chr18,88920000,90772031,TTR
chr19,3080000,5400000,E
chr19,5480000,6400000,E
chr19,6440000,7040000,E
chr19,7080000,7560000,E
chr19,7560000,8800000,TTR
chr19,8800000,9960000,TTR
chr19,9960000,10320000,E
chr19,10320000,10600000,E
chr19,10720000,11040000,E
chr19,11080000,12080000,TTR
chr19,12080000,13960000,TTR
chr19,14000000,16040000,TTR
chr19,16080000,16840000,E
chr19,17160000,17480000,L
chr19,17480000,18920000,TTR
chr19,18920000,20440000,TTR
chr19,20440000,21640000,TTR
chr19,21840000,22400000,TTR
chr19,22400000,22920000,TTR
chr19,22920000,24360000,TTR
chr19,24360000,24960000,TTR
chr19,25000000,25720000,E
chr19,25720000,27480000,TTR
chr19,27480000,30280000,TTR
chr19,30280000,30640000,TTR
chr19,30680000,31840000,TTR
chr19,32040000,32560000,TTR
chr19,32560000,33440000,TTR
chr19,33440000,34240000,L
chr19,34320000,34880000,TTR
chr19,35000000,36160000,TTR
chr19,36160000,36840000,TTR
chr19,36880000,37440000,E
chr19,37640000,39160000,E
chr19,39160000,40680000,TTR
chr19,40800000,41880000,E
chr19,42240000,43560000,TTR
chr19,44200000,44560000,E
chr19,44640000,45120000,E
chr19,45120000,45840000,E
chr19,45840000,46120000,E
chr19,46120000,46600000,E
chr19,46680000,47920000,E
chr19,48000000,50240000,TTR
chr19,50240000,53080000,TTR
chr19,53080000,53680000,E
chr19,53840000,55280000,TTR
chr19,55400000,56400000,TTR
chr19,56400000,57720000,E
chr19,57760000,59280000,TTR
chr19,59400000,61342430,TTR
chr2,3000000,4760000,TTR
chr2,4760000,5880000,E
chr2,5880000,6120000,E
chr2,6120000,6360000,TTR
chr2,6360000,8600000,L
chr2,8600000,9960000,TTR
chr2,10000000,10240000,E
chr2,10320000,11240000,TTR
chr2,11240000,11480000,TTR
chr2,11840000,12320000,L
chr2,12360000,13200000,L
chr2,13200000,14960000,TTR
chr2,14960000,16280000,L
chr2,16360000,17320000,L
chr2,17320000,17760000,TTR
chr2,17760000,19320000,TTR
chr2,19320000,20760000,TTR
chr2,20800000,21200000,TTR
chr2,21200000,21840000,L
chr2,21840000,22760000,TTR
chr2,22760000,24680000,TTR
chr2,25040000,25280000,E
chr2,25440000,26440000,E
chr2,26480000,27320000,E
chr2,27400000,28400000,TTR
chr2,28440000,28920000,E
chr2,28920000,29600000,E
chr2,29760000,29920000,E
chr2,29920000,30280000,E
chr2,30280000,30680000,E
chr2,30840000,31040000,E
chr2,31160000,32800000,E
chr2,32800000,33320000,E
chr2,33520000,34640000,TTR
chr2,34680000,35360000,E
chr2,35360000,35800000,E
chr2,35840000,36080000,E
chr2,36080000,37240000,TTR
chr2,37280000,37640000,TTR
chr2,37680000,38840000,E
chr2,39120000,43520000,L
chr2,43520000,47320000,L
chr2,47320000,48760000,L
chr2,48760000,50120000,TTR
chr2,50160000,52000000,TTR
chr2,52000000,52520000,E
chr2,52600000,53080000,TTR
chr2,53080000,54920000,L
chr2,54920000,55920000,TTR
chr2,55920000,57840000,TTR
chr2,57880000,58520000,TTR
chr2,58520000,59320000,TTR
chr2,59320000,60280000,E
chr2,60280000,61400000,TTR
chr2,61440000,62520000,TTR
chr2,62520000,63240000,L
chr2,63280000,64800000,L
chr2,65200000,66560000,TTR
chr2,66640000,68600000,TTR
chr2,68600000,69360000,E
chr2,69720000,70480000,E
chr2,70480000,70960000,E
chr2,70960000,71200000,E
chr2,71240000,71800000,E
chr2,71880000,73320000,E
chr2,73400000,73760000,E
chr2,73760000,74520000,TTR
chr2,74520000,75440000,TTR
chr2,75440000,76520000,TTR
chr2,76720000,77800000,TTR
chr2,77840000,79680000,L
chr2,79680000,80160000,TTR
chr2,80160000,80520000,TTR
chr2,80520000,83440000,TTR
chr2,83480000,83800000,E
chr2,83840000,84720000,TTR
chr2,84920000,85440000,TTR
chr2,85440000,87280000,TTR
chr2,87320000,88160000,TTR
chr2,88160000,90520000,TTR
chr2,90520000,91560000,E
chr2,91560000,91800000,E
chr2,91800000,92320000,E
chr2,92320000,92720000,TTR
chr2,92720000,94280000,TTR
chr2,94280000,96320000,L
chr2,96400000,97240000,L
chr2,97280000,99080000,L
chr2,99240000,101440000,L
chr2,101480000,102920000,TTR
chr2,102920000,103280000,TTR
chr2,103280000,103880000,E
chr2,103880000,104680000,E
chr2,104680000,105080000,E
chr2,105080000,106040000,TTR
chr2,106120000,107760000,TTR
chr2,107800000,109720000,TTR
chr2,109720000,110880000,TTR
chr2,110920000,112320000,TTR
chr2,112320000,114000000,TTR
chr2,114000000,116000000,TTR
chr2,116000000,116680000,TTR
chr2,116680000,117320000,TTR
chr2,117320000,118840000,TTR
chr2,118840000,119360000,E
chr2,119480000,121320000,E
chr2,121360000,122200000,E
chr2,122200000,125080000,TTR
chr2,125080000,126400000,TTR
chr2,126400000,127080000,E
chr2,127600000,130120000,TTR
chr2,130880000,131360000,E
chr2,131360000,132080000,E
chr2,132120000,132760000,E
chr2,132760000,134360000,TTR
chr2,134360000,135160000,L
chr2,135160000,135960000,TTR
chr2,135960000,137800000,L
chr2,137800000,139200000,L
chr2,139200000,140280000,TTR
chr2,140280000,142920000,L
chr2,142920000,144400000,TTR
chr2,144440000,145480000,TTR
chr2,145480000,146240000,E
chr2,146440000,147160000,E
chr2,147200000,147640000,TTR
chr2,147640000,148520000,L
chr2,149000000,151680000,TTR
chr2,151840000,152240000,E
chr2,152440000,152680000,E
chr2,152720000,154440000,E
chr2,154480000,155280000,E
chr2,155280000,156000000,E
chr2,156000000,156560000,E
chr2,156680000,157400000,E
chr2,157440000,158200000,E
chr2,158680000,160760000,TTR
chr2,160880000,162720000,TTR
chr2,162720000,163240000,E
chr2,163320000,164600000,E
chr2,164760000,165600000,E
chr2,165600000,167320000,E
chr2,167520000,167880000,E
chr2,167920000,168800000,E
chr2,168840000,170240000,TTR
chr2,170320000,172200000,TTR
chr2,172280000,172640000,E
chr2,172920000,175040000,TTR
chr2,176840000,179840000,TTR
chr2,180000000,181748087,E
chr3,3000000,6320000,L
chr3,6320000,7040000,L
chr3,7320000,8560000,L
chr3,8600000,9720000,E
chr3,9720000,10360000,TTR
chr3,10360000,13880000,TTR
chr3,13880000,15280000,TTR
chr3,15280000,16080000,L
chr3,16080000,17800000,TTR
chr3,17800000,19120000,TTR
chr3,19120000,19800000,E
chr3,19800000,20440000,TTR
chr3,20440000,22200000,TTR
chr3,22200000,24160000,TTR
chr3,24360000,25520000,L
chr3,26080000,26880000,TTR
chr3,26960000,28880000,TTR
chr3,28920000,29640000,L
chr3,29640000,30440000,TTR
chr3,30480000,30880000,E
chr3,31040000,31560000,TTR
chr3,31600000,32240000,TTR
chr3,32240000,32600000,E
chr3,32600000,33680000,TTR
chr3,33680000,35520000,TTR
chr3,35560000,36440000,TTR
chr3,36480000,37200000,L
chr3,37320000,38120000,TTR
chr3,38120000,40400000,L
chr3,40440000,41560000,TTR
chr3,41560000,45160000,TTR
chr3,45160000,46920000,L
chr3,47200000,48680000,L
chr3,48720000,49920000,L
chr3,50120000,51000000,TTR
chr3,51000000,52040000,TTR
chr3,52040000,52800000,TTR
chr3,52840000,53320000,E
chr3,53320000,54520000,TTR
chr3,54560000,57040000,L
chr3,57240000,58280000,TTR
chr3,58880000,60440000,L
chr3,60520000,62280000,L
chr3,62320000,63720000,L
chr3,63760000,64680000,TTR
chr3,64680000,65800000,TTR
chr3,65800000,67200000,TTR
chr3,67200000,67840000,TTR
chr3,67880000,68760000,TTR
chr3,68880000,69760000,TTR
chr3,69760000,72880000,L
chr3,72880000,75000000,L
chr3,75000000,75720000,TTR
chr3,75800000,78720000,L
chr3,78760000,79640000,TTR
chr3,79640000,81760000,TTR
chr3,81800000,82680000,L
chr3,82920000,83560000,TTR
chr3,83560000,84120000,E
chr3,84120000,85960000,TTR
chr3,85960000,86800000,TTR
chr3,86840000,87680000,E
chr3,87680000,89040000,E
chr3,89240000,90320000,E
chr3,90320000,91920000,TTR
chr3,91920000,92880000,L
chr3,92880000,93320000,TTR
chr3,93440000,94640000,TTR
chr3,94840000,96280000,E
chr3,96320000,96520000,E
chr3,96520000,97440000,E
chr3,97480000,99920000,TTR
chr3,99920000,101120000,TTR
chr3,101120000,101640000,E
chr3,101680000,103200000,TTR
chr3,103200000,104880000,TTR
chr3,104880000,105760000,TTR
chr3,105760000,107000000,TTR
chr3,107080000,107360000,E
chr3,107400000,108720000,TTR
chr3,108760000,110960000,TTR
chr3,110960000,112960000,L
chr3,113280000,115360000,L
chr3,115360000,116600000,TTR
chr3,116600000,117200000,TTR
chr3,117440000,120840000,L
chr3,120920000,121480000,E
chr3,121520000,121880000,E
chr3,121960000,123080000,TTR
chr3,123200000,124000000,L
chr3,124000000,126680000,L
chr3,127280000,128920000,TTR
chr3,128920000,129480000,E
chr3,129520000,130400000,TTR
chr3,130400000,130960000,E
chr3,130960000,132360000,TTR
chr3,132360000,134320000,TTR
chr3,134320000,134880000,TTR
chr3,134920000,135400000,E
chr3,135480000,137440000,TTR
chr3,137440000,137840000,E
chr3,137840000,138120000,E
chr3,138160000,138880000,TTR
chr3,138920000,141520000,L
chr3,141520000,142120000,TTR
chr3,142160000,142400000,E
chr3,142440000,144080000,TTR
chr3,144080000,144880000,TTR
chr3,145040000,145600000,TTR
chr3,145600000,146640000,TTR
chr3,146640000,149200000,TTR
chr3,150040000,151760000,TTR
chr3,151760000,153560000,TTR
chr3,153600000,154240000,TTR
chr3,154240000,156240000,L
chr3,156320000,157200000,TTR
chr3,157200000,157760000,TTR
chr3,157760000,159599783,TTR
chr4,3000000,3760000,TTR
chr4,3760000,4640000,TTR
chr4,4680000,6360000,TTR
chr4,6440000,8320000,L
chr4,8320000,9040000,L
chr4,9040000,9520000,L
chr4,9720000,10800000,TTR
chr4,10800000,11440000,E
chr4,11520000,12040000,TTR
chr4,12080000,14400000,L
chr4,14440000,15240000,TTR
chr4,15280000,15880000,TTR
chr4,15880000,17360000,L
chr4,17800000,19480000,TTR
chr4,19480000,19880000,L
chr4,19960000,21320000,L
chr4,21440000,22400000,TTR
chr4,22400000,24640000,TTR
chr4,24640000,24840000,L
chr4,24880000,26520000,L
chr4,26640000,28720000,L
chr4,28760000,29280000,L
chr4,29440000,32040000,L
chr4,32040000,32640000,TTR
chr4,32680000,33400000,E
chr4,33440000,34520000,TTR
chr4,34520000,34880000,E
chr4,34880000,35200000,E
chr4,35240000,37360000,TTR
chr4,37480000,40040000,TTR
chr4,40080000,40640000,E
chr4,40680000,41720000,E
chr4,42840000,43520000,E
chr4,43560000,45000000,E
chr4,45000000,46520000,E
chr4,46680000,47080000,TTR
chr4,47080000,48680000,TTR
chr4,48720000,49640000,TTR
chr4,49680000,50720000,L
chr4,50840000,53000000,L
chr4,53040000,53680000,TTR
chr4,53720000,55320000,TTR
chr4,55360000,56760000,TTR
chr4,56840000,57960000,E
chr4,58400000,59000000,TTR
chr4,59080000,61200000,TTR
chr4,61440000,62800000,TTR
chr4,62800000,64160000,TTR
chr4,64200000,65280000,L
chr4,65280000,66160000,L
chr4,66160000,67080000,L
chr4,67560000,68640000,L
chr4,68640000,70080000,L
chr4,70280000,73280000,L
chr4,73320000,76640000,TTR
chr4,76680000,77240000,L
chr4,77280000,80440000,L
chr4,80480000,83200000,TTR
chr4,83240000,84760000,TTR
chr4,84760000,86480000,TTR
chr4,86560000,88400000,TTR
chr4,88440000,89200000,TTR
chr4,89200000,93720000,L
chr4,93760000,94240000,TTR
chr4,94240000,94600000,E
chr4,94640000,95640000,TTR
chr4,95680000,96360000,L
chr4,96360000,98400000,TTR
chr4,98400000,98600000,E
chr4,98600000,98880000,E
chr4,98920000,99600000,E
chr4,99600000,100240000,TTR
chr4,100240000,101000000,TTR
chr4,101000000,101760000,TTR
chr4,101840000,102880000,TTR
chr4,102960000,104600000,TTR
chr4,104680000,106120000,TTR
chr4,106240000,107400000,E
chr4,107560000,108000000,E
chr4,108000000,108320000,E
chr4,108320000,108840000,E
chr4,109120000,109680000,E
chr4,109680000,112480000,TTR
chr4,112480000,115720000,TTR
chr4,115760000,116280000,E
chr4,116360000,116840000,E
chr4,116880000,117480000,E
chr4,117480000,118240000,E
chr4,118280000,118920000,E
chr4,119040000,119840000,TTR
chr4,119880000,120600000,E
chr4,120640000,122560000,TTR
chr4,122560000,123400000,E
chr4,123600000,124400000,TTR
chr4,124600000,124760000,E
chr4,124800000,125760000,E
chr4,125880000,126720000,E
chr4,126720000,127040000,E
chr4,127040000,128600000,TTR
chr4,128600000,128800000,E
chr4,128840000,129200000,E
chr4,129280000,131440000,TTR
chr4,131440000,131760000,E
chr4,131920000,133120000,E
chr4,133120000,133480000,E
chr4,133520000,134960000,E
chr4,135040000,135360000,E
chr4,135600000,136200000,TTR
chr4,136200000,136920000,E
chr4,137000000,137240000,E
chr4,137240000,137840000,E
chr4,138000000,138440000,E
chr4,138600000,139200000,E
chr4,139440000,140640000,E
chr4,140680000,141360000,E
chr4,141440000,142960000,TTR
chr4,143000000,144360000,TTR
chr4,144480000,145000000,E
chr4,145000000,145480000,E
chr4,145640000,147200000,E
chr4,147200000,148440000,E
chr4,148480000,149000000,E
chr4,149120000,149520000,E
chr4,149520000,150280000,E
chr4,150520000,151360000,TTR
chr4,151520000,153360000,TTR
chr4,153400000,154200000,E
chr4,154240000,155630120,E
chr5,3000000,4120000,TTR
chr5,4200000,4960000,TTR
chr5,4960000,5480000,TTR
chr5,5480000,5760000,E
chr5,5760000,8000000,L
chr5,8440000,9440000,TTR
chr5,9440000,10880000,L
chr5,11920000,14280000,TTR
chr5,14360000,14920000,L
chr5,14920000,15200000,L
chr5,15200000,16400000,L
chr5,16400000,17320000,L
chr5,17560000,17960000,L
chr5,17960000,18920000,TTR
chr5,18920000,20400000,TTR
chr5,20480000,21280000,E
chr5,21280000,23200000,TTR
chr5,23360000,24120000,E
chr5,24160000,26400000,TTR
chr5,26440000,27400000,TTR
chr5,27400000,28000000,L
chr5,28000000,28760000,E
chr5,28760000,29680000,TTR
chr5,29880000,31360000,E
chr5,31480000,34000000,E
chr5,34000000,35880000,TTR
chr5,35880000,37560000,E
chr5,37640000,38600000,E
chr5,38640000,39040000,E
chr5,39160000,41400000,TTR
chr5,41440000,42200000,TTR
chr5,42240000,44040000,TTR
chr5,44040000,44680000,TTR
chr5,44680000,45840000,TTR
chr5,45840000,46800000,TTR
chr5,46800000,48760000,L
chr5,48800000,49400000,L
chr5,49720000,51120000,L
chr5,51120000,52480000,TTR
chr5,52480000,53240000,TTR
chr5,53280000,54080000,TTR
chr5,54080000,54520000,TTR
chr5,54520000,58080000,L
chr5,58120000,59120000,L
chr5,59880000,60560000,TTR
chr5,61000000,62920000,L
chr5,63280000,64200000,TTR
chr5,64280000,65720000,E
chr5,65800000,66360000,E
chr5,66360000,67080000,E
chr5,67080000,67680000,E
chr5,67880000,68440000,TTR
chr5,68480000,69960000,L
chr5,70000000,71880000,L
chr5,71880000,72560000,TTR
chr5,72560000,73280000,TTR
chr5,73280000,73800000,E
chr5,73840000,74680000,E
chr5,74720000,75560000,TTR
chr5,75560000,76240000,TTR
chr5,76240000,77720000,TTR
chr5,77760000,81000000,TTR
chr5,81440000,83920000,L
chr5,83960000,86440000,TTR
chr5,86440000,87240000,TTR
chr5,87240000,87960000,L
chr5,88080000,88920000,TTR
chr5,88960000,89840000,TTR
chr5,90200000,91360000,TTR
chr5,91360000,91800000,L
chr5,91840000,93080000,TTR
chr5,93120000,94200000,TTR
chr5,95880000,98640000,TTR
chr5,98760000,99600000,L
chr5,99600000,100360000,TTR
chr5,100360000,100960000,E
chr5,101240000,102520000,TTR
chr5,102520000,103760000,TTR
chr5,103760000,104280000,E
chr5,104360000,105800000,TTR
chr5,105800000,106320000,E
chr5,106320000,107240000,TTR
chr5,107280000,108360000,TTR
chr5,108360000,109160000,E
chr5,109240000,109960000,TTR
chr5,109960000,110720000,E
chr5,110720000,111800000,E
chr5,111840000,112640000,E
chr5,112840000,113520000,E
chr5,113680000,114280000,E
chr5,114640000,115960000,E
chr5,116080000,117920000,E
chr5,117960000,118440000,E
chr5,118600000,119200000,E
chr5,119200000,120920000,TTR
chr5,120920000,121560000,E
chr5,121640000,122560000,E
chr5,122560000,123240000,E
chr5,123680000,125040000,E
chr5,125040000,125960000,E
chr5,125960000,127680000,TTR
chr5,128040000,129480000,TTR
chr5,129520000,130760000,E
chr5,130760000,131920000,TTR
chr5,131920000,132560000,TTR
chr5,132560000,134640000,TTR
chr5,134640000,135840000,E
chr5,135840000,136360000,E
chr5,136360000,137400000,E
chr5,137600000,138200000,E
chr5,138200000,138640000,E
chr5,138640000,139160000,TTR
chr5,139320000,140240000,E
chr5,140240000,141200000,E
chr5,141200000,142920000,TTR
chr5,142960000,143640000,E
chr5,143640000,144080000,E
chr5,144080000,145000000,E
chr5,145000000,145920000,E
chr5,145920000,147480000,TTR
chr5,147480000,148160000,E
chr5,148160000,148760000,E
chr5,148760000,149120000,E
chr5,149120000,150400000,E
chr5,150480000,151240000,TTR
chr5,151440000,152537259,TTR
chr6,3040000,5520000,TTR
chr6,5520000,6880000,TTR
chr6,6920000,7640000,TTR
chr6,7640000,8840000,TTR
chr6,8880000,11760000,L
chr6,11840000,12240000,L
chr6,12240000,13200000,L
chr6,13200000,14520000,TTR
chr6,14760000,16960000,L
chr6,16960000,17800000,TTR
chr6,18000000,18800000,L
chr6,18800000,21680000,L
chr6,21680000,22040000,TTR
chr6,22040000,22480000,TTR
chr6,22480000,23440000,L
chr6,23440000,24440000,L
chr6,24440000,25760000,L
chr6,25760000,27600000,L
chr6,27600000,28360000,TTR
chr6,28360000,29120000,TTR
chr6,29120000,30360000,E
chr6,30360000,31440000,E
chr6,31440000,34440000,TTR
chr6,34440000,35120000,TTR
chr6,35200000,37000000,TTR
chr6,37000000,37360000,TTR
chr6,37400000,38320000,E
chr6,38480000,39520000,TTR
chr6,39520000,39760000,E
chr6,39760000,40680000,TTR
chr6,40800000,41520000,L
chr6,41560000,42880000,TTR
chr6,43280000,45000000,L
chr6,45200000,47160000,TTR
chr6,47160000,47640000,E
chr6,47720000,49360000,TTR
chr6,49360000,50560000,TTR
chr6,50560000,51120000,TTR
chr6,51120000,52200000,E
chr6,52200000,52960000,TTR
chr6,52960000,53720000,L
chr6,53720000,54320000,E
chr6,54520000,55160000,E
chr6,55160000,55960000,TTR
chr6,56000000,56680000,TTR
chr6,56720000,59160000,TTR
chr6,59160000,59440000,L
chr6,59440000,61280000,TTR
chr6,61280000,61880000,L
chr6,61920000,64600000,L
chr6,64600000,65440000,TTR
chr6,65440000,66520000,TTR
chr6,66760000,67120000,E
chr6,67120000,67800000,TTR
chr6,67800000,69760000,L
chr6,69760000,70760000,TTR
chr6,70760000,71800000,E
chr6,71880000,72320000,E
chr6,72360000,73200000,E
chr6,73240000,75680000,TTR
chr6,76240000,77560000,L
chr6,77560000,78480000,L
chr6,78480000,81880000,L
chr6,81880000,82960000,TTR
chr6,83000000,83280000,E
chr6,83280000,83640000,E
chr6,83720000,85400000,TTR
chr6,85520000,86360000,E
chr6,86360000,86960000,E
chr6,87000000,87680000,TTR
chr6,87800000,88040000,E
chr6,88080000,88480000,E
chr6,88480000,88840000,E
chr6,88840000,89600000,E
chr6,89600000,90600000,TTR
chr6,90680000,91400000,E
chr6,91440000,92120000,E
chr6,92160000,92680000,TTR
chr6,92680000,94440000,TTR
chr6,94480000,95000000,E
chr6,95000000,97120000,TTR
chr6,97120000,98000000,E
chr6,98040000,99600000,TTR
chr6,99600000,100840000,E
chr6,100840000,101560000,TTR
chr6,101600000,103240000,L
chr6,103240000,103680000,L
chr6,103680000,106600000,L
chr6,106720000,108040000,TTR
chr6,108040000,108360000,E
chr6,108360000,108720000,E
chr6,108800000,110720000,TTR
chr6,110840000,112440000,TTR
chr6,112440000,113000000,TTR
chr6,113000000,113360000,E
chr6,113360000,113680000,E
chr6,113680000,114440000,TTR
chr6,114560000,115760000,TTR
chr6,115800000,116560000,TTR
chr6,116600000,118360000,TTR
chr6,118400000,119400000,TTR
chr6,119400000,120440000,E
chr6,120440000,120760000,E
chr6,120760000,121160000,E
chr6,121160000,122600000,TTR
chr6,122600000,124720000,TTR
chr6,124760000,125200000,E
chr6,125200000,126480000,TTR
chr6,126720000,127080000,E
chr6,127080000,127400000,E
chr6,127400000,128440000,TTR
chr6,128480000,129320000,TTR
chr6,129520000,131400000,TTR
chr6,131400000,133200000,L
chr6,133240000,133840000,TTR
chr6,133840000,134360000,E
chr6,134360000,134600000,E
chr6,134600000,134920000,E
chr6,134920000,136360000,TTR
chr6,136360000,136960000,TTR
chr6,136960000,137720000,E
chr6,137720000,139480000,L
chr6,139520000,140640000,TTR
chr6,140640000,141400000,TTR
chr6,141400000,143160000,TTR
chr6,143160000,144960000,TTR
chr6,144960000,146480000,TTR
chr6,146560000,148160000,TTR
chr6,148160000,149080000,TTR
chr6,149080000,149517037,E
chr7,3040000,4480000,E
chr7,4480000,5000000,E
chr7,5000000,7280000,TTR
chr7,10720000,11400000,L
chr7,11600000,13000000,L
chr7,13000000,13640000,TTR
chr7,13640000,15400000,TTR
chr7,15400000,15680000,L
chr7,16240000,16480000,TTR
chr7,16480000,17520000,E
chr7,17520000,18800000,TTR
chr7,18800000,19720000,TTR
chr7,19720000,20680000,E
chr7,24240000,24640000,L
chr7,24640000,25160000,TTR
chr7,25160000,25800000,E
chr7,25800000,26160000,E
chr7,26160000,26480000,E
chr7,26480000,28040000,TTR
chr7,28040000,29120000,TTR
chr7,29120000,29520000,E
chr7,29520000,29760000,E
chr7,29760000,30040000,E
chr7,30040000,30320000,E
chr7,30320000,31080000,E
chr7,31080000,32440000,TTR
chr7,33000000,34920000,TTR
chr7,34920000,35560000,E
chr7,35560000,36440000,E
chr7,36440000,39320000,TTR
chr7,46680000,49880000,TTR
chr7,49880000,50760000,E
chr7,50760000,51960000,E
chr7,51960000,52280000,E
chr7,52280000,52720000,E
chr7,52720000,52960000,E
chr7,52960000,53880000,TTR
chr7,53880000,54440000,E
chr7,54440000,56000000,TTR
chr7,56000000,56720000,E
chr7,56720000,57120000,E
chr7,57120000,58800000,TTR
chr7,58800000,59240000,L
chr7,59240000,62040000,L
chr7,62040000,63040000,TTR
chr7,63040000,64120000,TTR
chr7,64120000,64760000,L
chr7,64760000,65120000,L
chr7,65120000,66960000,L
chr7,67040000,69600000,L
chr7,69600000,70000000,TTR
chr7,70000000,70480000,L
chr7,70480000,70880000,TTR
chr7,70880000,71920000,TTR
chr7,71920000,72360000,E
chr7,72360000,72840000,E
chr7,72840000,73240000,E
chr7,73240000,73840000,TTR
chr7,73840000,74360000,L
chr7,74360000,74800000,E
chr7,74800000,75520000,E
chr7,75520000,77480000,TTR
chr7,77480000,79520000,TTR
chr7,79520000,80560000,TTR
chr7,80560000,81520000,TTR
chr7,81520000,82280000,L
chr7,82280000,82520000,TTR
chr7,82520000,83040000,E
chr7,83040000,84120000,TTR
chr7,84120000,86040000,TTR
chr7,86040000,86240000,E
chr7,86240000,86520000,TTR
chr7,86520000,87120000,E
chr7,87120000,87480000,E
chr7,87480000,88000000,TTR
chr7,88000000,88320000,E
chr7,88320000,88480000,E
chr7,88480000,88920000,E
chr7,88920000,89520000,TTR
chr7,89520000,91040000,TTR
chr7,91040000,91600000,TTR
chr7,91600000,91880000,L
chr7,91880000,94240000,L
chr7,94240000,94720000,L
chr7,94720000,95720000,L
chr7,95720000,96280000,L
chr7,96280000,96600000,L
chr7,96600000,97080000,TTR
chr7,97080000,97600000,E
chr7,97600000,98600000,TTR
chr7,98600000,99200000,L
chr7,99200000,99720000,TTR
chr7,99720000,100240000,TTR
chr7,100240000,101480000,L
chr7,101480000,102280000,L
chr7,102280000,104120000,TTR
chr7,104120000,104480000,TTR
chr7,104480000,105600000,E
chr7,105600000,106600000,E
chr7,106600000,107160000,E
chr7,107160000,107640000,E
chr7,107640000,108040000,E
chr7,108040000,109400000,E
chr7,109400000,109600000,E
chr7,109680000,111120000,TTR
chr7,111120000,112280000,TTR
chr7,112280000,113000000,TTR
chr7,113480000,114960000,TTR
chr7,114960000,116200000,TTR
chr7,116200000,116640000,TTR
chr7,116640000,117080000,E
chr7,117080000,118240000,E
chr7,118240000,119160000,TTR
chr7,119160000,119520000,TTR
chr7,119520000,120040000,E
chr7,120040000,120520000,E
chr7,120520000,120880000,E
chr7,120880000,121400000,TTR
chr7,121400000,122000000,TTR
chr7,122000000,123480000,TTR
chr7,123480000,123760000,E
chr7,123760000,125240000,TTR
chr7,125240000,125680000,E
chr7,125680000,125880000,E
chr7,125880000,126800000,TTR
chr7,126800000,127240000,E
chr7,127240000,128080000,TTR
chr7,128080000,128840000,TTR
chr7,128840000,129200000,E
chr7,129200000,130120000,TTR
chr7,130120000,130640000,E
chr7,130640000,132840000,TTR
chr7,132840000,133320000,TTR
chr7,133320000,134400000,E
chr7,134400000,135160000,E
chr7,135160000,135880000,E
chr7,135880000,136720000,TTR
chr7,136720000,137640000,TTR
chr7,137640000,138080000,E
chr7,138080000,139120000,TTR
chr7,139120000,139400000,L
chr7,139400000,139800000,TTR
chr7,139800000,140160000,E
chr7,140160000,140880000,E
chr7,140960000,142120000,TTR
chr7,142120000,142920000,L
chr7,142920000,144600000,TTR
chr7,144600000,146240000,TTR
chr7,146240000,146800000,E
chr7,146800000,148080000,TTR
chr7,148080000,148640000,E
chr7,148640000,149480000,TTR
chr7,149480000,149920000,E
chr7,149920000,150280000,TTR
chr7,150280000,150720000,E
chr7,150720000,151000000,E
chr7,151000000,152524553,TTR
chr8,3080000,4680000,TTR
chr8,4840000,6040000,L
chr8,6520000,9200000,TTR
chr8,9200000,9960000,L
chr8,10000000,11440000,TTR
chr8,11440000,13320000,TTR
chr8,13320000,13760000,E
chr8,13880000,15120000,TTR
chr8,15120000,16120000,TTR
chr8,17520000,19600000,TTR
chr8,19600000,22040000,L
chr8,22040000,24280000,TTR
chr8,24280000,26360000,TTR
chr8,26360000,26840000,E
chr8,26920000,27280000,E
chr8,27280000,28400000,TTR
chr8,28400000,32280000,TTR
chr8,32280000,34840000,TTR
chr8,34880000,35080000,E
chr8,35200000,35920000,TTR
chr8,35920000,36560000,TTR
chr8,36920000,38160000,TTR
chr8,38160000,39880000,L
chr8,40040000,41240000,L
chr8,41240000,41520000,E
chr8,41600000,42520000,E
chr8,42520000,44360000,TTR
chr8,44440000,45120000,TTR
chr8,45200000,46440000,TTR
chr8,46440000,47240000,TTR
chr8,47240000,47640000,E
chr8,47720000,48040000,L
chr8,48040000,48800000,TTR
chr8,48800000,51400000,TTR
chr8,51960000,54400000,L
chr8,54840000,57920000,TTR
chr8,57960000,59000000,TTR
chr8,59080000,59800000,TTR
chr8,59880000,60320000,E
chr8,60360000,60960000,TTR
chr8,61040000,62960000,L
chr8,62960000,63440000,TTR
chr8,63480000,64000000,E
chr8,64160000,64360000,L
chr8,64360000,66440000,L
chr8,66520000,67200000,TTR
chr8,67480000,69040000,TTR
chr8,69080000,70440000,L
chr8,70480000,71760000,TTR
chr8,71800000,72360000,TTR
chr8,72400000,73080000,E
chr8,73200000,75120000,E
chr8,75160000,77560000,TTR
chr8,77640000,78520000,TTR
chr8,78560000,79920000,L
chr8,80080000,82160000,TTR
chr8,82160000,83560000,TTR
chr8,83560000,86160000,TTR
chr8,86160000,87160000,E
chr8,87160000,87440000,E
chr8,87560000,90080000,TTR
chr8,90080000,90720000,E
chr8,90920000,92360000,TTR
chr8,92360000,93320000,TTR
chr8,93320000,93680000,E
chr8,93680000,95160000,TTR
chr8,95320000,96760000,TTR
chr8,96840000,97800000,E
chr8,97840000,98440000,E
chr8,98440000,101360000,TTR
chr8,101920000,103320000,L
chr8,103320000,105320000,L
chr8,105320000,106600000,L
chr8,107120000,107840000,TTR
chr8,107840000,108640000,E
chr8,108920000,109080000,E
chr8,109200000,109560000,E
chr8,109600000,110160000,E
chr8,110160000,112120000,TTR
chr8,112120000,113160000,TTR
chr8,113240000,114200000,E
chr8,114200000,114560000,E
chr8,114560000,116160000,TTR
chr8,116160000,116560000,L
chr8,116560000,116960000,L
chr8,116960000,119440000,TTR
chr8,119480000,120120000,E
chr8,120120000,121920000,TTR
chr8,121920000,123160000,E
chr8,123160000,124360000,TTR
chr8,124360000,126080000,E
chr8,126120000,126920000,E
chr8,127440000,128440000,E
chr8,128440000,128960000,TTR
chr8,129000000,129480000,E
chr8,129480000,131738871,TTR
chr9,3040000,4480000,TTR
chr9,4480000,6680000,L
chr9,7200000,7600000,TTR
chr9,7600000,7880000,E
chr9,8200000,9000000,TTR
chr9,9000000,9400000,E
chr9,9400000,9800000,TTR
chr9,10840000,13160000,L
chr9,13160000,13560000,L
chr9,13640000,14240000,L
chr9,14280000,14560000,E
chr9,14600000,15120000,E
chr9,15160000,18120000,TTR
chr9,18120000,18560000,L
chr9,18560000,20680000,TTR
chr9,20680000,21360000,E
chr9,21400000,22240000,E
chr9,22280000,24480000,TTR
chr9,24480000,24920000,L
chr9,24960000,25440000,L
chr9,25440000,26800000,TTR
chr9,27160000,28040000,TTR
chr9,28040000,29480000,L
chr9,29480000,30240000,L
chr9,30240000,30920000,TTR
chr9,30920000,31200000,E
chr9,31360000,32080000,E
chr9,32200000,32960000,TTR
chr9,33040000,35000000,TTR
chr9,35000000,35360000,E
chr9,35360000,36520000,TTR
chr9,36600000,37160000,E
chr9,37200000,37480000,E
chr9,37480000,37760000,TTR
chr9,37760000,40600000,TTR
chr9,40640000,41000000,TTR
chr9,41040000,41800000,TTR
chr9,41800000,42120000,E
chr9,42120000,42800000,E
chr9,43120000,44240000,E
chr9,44240000,44960000,TTR
chr9,45000000,45640000,E
chr9,45760000,46120000,E
chr9,46120000,48440000,TTR
chr9,48440000,49280000,TTR
chr9,49320000,50400000,TTR
chr9,50600000,50840000,E
chr9,50960000,51760000,TTR
chr9,51920000,53320000,TTR
chr9,53480000,54000000,TTR
chr9,54560000,55160000,E
chr9,55240000,55800000,TTR
chr9,56000000,56720000,E
chr9,56720000,58080000,E
chr9,58160000,59160000,E
chr9,59160000,59520000,E
chr9,59560000,60520000,TTR
chr9,60760000,61760000,E
chr9,61760000,62440000,E
chr9,62440000,63720000,TTR
chr9,63760000,65040000,E
chr9,65040000,65760000,E
chr9,65960000,67520000,E
chr9,67840000,69840000,TTR
chr9,69840000,70400000,E
chr9,70400000,71480000,TTR
chr9,71640000,72480000,TTR
chr9,72600000,72800000,E
chr9,72920000,73920000,TTR
chr9,73960000,74720000,TTR
chr9,74840000,75320000,E
chr9,75480000,76040000,TTR
chr9,76080000,78080000,TTR
chr9,78120000,78400000,E
chr9,78440000,79880000,TTR
chr9,80120000,82760000,L
chr9,82800000,83640000,L
chr9,83680000,85640000,TTR
chr9,85640000,87160000,TTR
chr9,87320000,88800000,TTR
chr9,88920000,89600000,TTR
chr9,89640000,90000000,TTR
chr9,90040000,91960000,TTR
chr9,92000000,94640000,L
chr9,94640000,95360000,TTR
chr9,95360000,95800000,E
chr9,96120000,96440000,E
chr9,96440000,96800000,E
chr9,96800000,97040000,E
chr9,97080000,98480000,TTR
chr9,98480000,98800000,TTR
chr9,98840000,99480000,E
chr9,99600000,100320000,TTR
chr9,100360000,101080000,E
chr9,101160000,102480000,TTR
chr9,102520000,104160000,TTR
chr9,104320000,105320000,TTR
chr9,105320000,106040000,TTR
chr9,106400000,107480000,E
chr9,107480000,108360000,E
chr9,108560000,108880000,E
chr9,108880000,110240000,E
chr9,110280000,111240000,E
chr9,111240000,111840000,TTR
chr9,111840000,113600000,TTR
chr9,113640000,114400000,E
chr9,114680000,115960000,TTR
chr9,115960000,116280000,L
chr9,116880000,117920000,L
chr9,117960000,118400000,TTR
chr9,118480000,118840000,E
chr9,119000000,119840000,E
chr9,120040000,124076172,TTR
chrX,4640000,6760000,L
chrX,6880000,7280000,E
chrX,7280000,7880000,E
chrX,7880000,8560000,TTR
chrX,8560000,9800000,L
chrX,9800000,11200000,TTR
chrX,11200000,12120000,E
chrX,12120000,12440000,E
chrX,12440000,12800000,E
chrX,12800000,13240000,E
chrX,13280000,16440000,L
chrX,16440000,18040000,L
chrX,18080000,20200000,TTR
chrX,20200000,20400000,TTR
chrX,20400000,20960000,E
chrX,20960000,23920000,L
chrX,33200000,34800000,TTR
chrX,34880000,36040000,TTR
chrX,36040000,37800000,TTR
chrX,37920000,39360000,TTR
chrX,39360000,39880000,TTR
chrX,39880000,41360000,L
chrX,41560000,42720000,L
chrX,42720000,44720000,L
chrX,44720000,45280000,TTR
chrX,45320000,45920000,E
chrX,45920000,46680000,TTR
chrX,46680000,47960000,L
chrX,47960000,48760000,L
chrX,48760000,51560000,TTR
chrX,52600000,55760000,TTR
chrX,55760000,56400000,L
chrX,56400000,58400000,TTR
chrX,58400000,61240000,L
chrX,61240000,62960000,L
chrX,62960000,65920000,L
chrX,65920000,67600000,L
chrX,67760000,68640000,L
chrX,68640000,68880000,L
chrX,68880000,70200000,TTR
chrX,70200000,71200000,TTR
chrX,71200000,71680000,E
chrX,71680000,72600000,E
chrX,72920000,75120000,TTR
chrX,75120000,75720000,L
chrX,75840000,77040000,L
chrX,77040000,78760000,L
chrX,78800000,81120000,L
chrX,81160000,82920000,L
chrX,82920000,83160000,L
chrX,83160000,83720000,L
chrX,83720000,84800000,L
chrX,84800000,88040000,L
chrX,88320000,88920000,L
chrX,89000000,90160000,L
chrX,90240000,91440000,TTR
chrX,91440000,93160000,TTR
chrX,93160000,94080000,TTR
chrX,94080000,94640000,L
chrX,94680000,95880000,L
chrX,95880000,96120000,L
chrX,96120000,96880000,E
chrX,96880000,97800000,TTR
chrX,97840000,98240000,E
chrX,98240000,98600000,E
chrX,98720000,99400000,E
chrX,99400000,100440000,TTR
chrX,100440000,100680000,E
chrX,100680000,101240000,E
chrX,101240000,102240000,E
chrX,102280000,103920000,TTR
chrX,104000000,104760000,L
chrX,104800000,106560000,L
chrX,106720000,108360000,L
chrX,108400000,109480000,L
chrX,109480000,110040000,L
chrX,110040000,111680000,L
chrX,111680000,112280000,L
chrX,112400000,115440000,L
chrX,115600000,117440000,L
chrX,117440000,122680000,L
chrX,122680000,124000000,L
chrX,124000000,125840000,L
chrX,125840000,130600000,TTR
chrX,130600000,131040000,E
chrX,131080000,131880000,TTR
chrX,132080000,132520000,TTR
chrX,132680000,132920000,TTR
chrX,132960000,133720000,E
chrX,133720000,135800000,TTR
chrX,135880000,137480000,TTR
chrX,137560000,138600000,L
chrX,138640000,139000000,E
chrX,139000000,139240000,E
chrX,139240000,139520000,L
chrX,139520000,140120000,L
chrX,140120000,140800000,TTR
chrX,140800000,141120000,E
chrX,141120000,144240000,L
chrX,146520000,148240000,TTR
chrX,148240000,149320000,E
chrX,149320000,150160000,E
chrX,150160000,151800000,TTR
chrX,151800000,153760000,TTR
chrX,153880000,154120000,E
chrX,154120000,155440000,TTR
chrX,155440000,155800000,TTR
chrX,155840000,157800000,TTR
chrX,157800000,158280000,L
chrX,158280000,159320000,TTR
chrX,159320000,160920000,TTR
chrX,160920000,162600000,L
chrX,162600000,162800000,E
chrX,162800000,163720000,TTR
chrX,163840000,166440000,TTR
